353563771171677
353575773177264
353599012224583
353610349326308
353627233667885
353640464639607
353641896590530
353650198083540
353650204493494
353782122430023
353852270888114
353852307229858
353859964136674
353884652526476
353885441085094
353928531213260
353949963069047
354005566187881
354018139172193
354047593144959
354049490444411
354095411110654
354169921061050
354416327376836
354481453035111
354492006537743
354501905456774
354559080582060
354580861502015
354600347798690
355786989865646
355794683875609
355807324961859
355817100998858
355828256015038
355838929772667
355852547684808
355862049165593
355875621243693
355885219320216
355939133115308
355962188502035
355971694781055
355976135045592
356008355176197
356030660998608
356051505469078
356051518481650
356070933270682
356093249742709
356094665238516
356095435399545
356107608713323
356116890933640
356149358961144
356175467066078
356175562104454
356182995318359
356192826473039
356203928211737
356218508176483
356240790702250
356285730491943
356285753689782
356315084024431
356351543526451
356351591743547
356358978108483
356363214350070
356374405364930
356385493185873
356426675514848
356428349832013
356451742951158
356462199350903
356462221518582
356473543028954
