355820283724973
355820322521124
355820437110820
355821499935094
355821618018388
355821630610460
355821707937973
355821876598159
355821920681052
355822065058723
355822235367113
355822415664777
355822441750169
355822463899797
355822485592471
355822489101420
355822492367440
355822494523492
355822497902079
355822500515844
355822620613660
355822768992711
355822977596113
355823263359463
355823603154399
355825199701149
355826074023754
355827848801267
355827856613146
355827893673754
355828850426150
355828986173718
355829530859403
355829740775798
355830060300106
355830626663774
355831035008907
355831100942839
355832329947575
355832335439368
355832345218874
355832469260203
355832527574286
355832707478467
355833049743783
355833053951689
355833236631039
355833385662935
355833404825241
355833414751502
355833788407707
355833900113432
355833920894923
355834207938281
355834213735960
355834335913705
355834400182663
355838274079280
355838784344834
355839409302781
355839461846269
355839606182658
355839895465850
355840219481898
355840540814968
355840570795882
355841907217928
355842831865231
355842909267439
355843007901893
355843219110609
355843483058341
355843590975225
355843968031248
355843989165197
355844049538366
355844575482247
355844578031829
355847729548735
355847747199076
355847758056766
355848124465825
355848637668114
355848898538354
355849481028128
355850468341449
355850726414485
355850882578903
355850886095456
355850901856864
355850907686537
355850933350726
355851198493506
355851426568599
355851667682767
355852316027762
355852484915776
355853198389703
355853212348024
355853213541742
355853273195886
355853737824389
355853817971490
355854103602284
355854116392504
355854119933448
355854123951720
355854134292217
355854184745778
355854668489836
355854728214217
355854963130404
355859560551170
355859569766137
355859691304649
355859867193146
355859877787861
355860308713701
355860527587815
355861305624757
355861312359218
355861649531617
355861778906970
355861934384365
355862035754366
355862181590858
355862261966190
355863246114820
355863353000359
355864245899066
355864271768894
355864313704903
355864316484241
355864620020167
355864728390071
355864749079378
355864763882000
355866727047067
355866853734871
355866874342258
355866882281476
355866907521729
355866926607484
355866959796244
355866985849827
355866995259210
355867008397638
355867016342781
355867033018726
355867135799291
355867185725863
355867490262173
355867498052055
355868141481342
355868433154213
355868467824297
355871484242294
355871847253544
355872149284456
355872425796716
355872431120992
355872538090782
355872639592822
355872922744521
355873008429430
355873114893299
355873264407693
355873719393437
355873781308307
355873795200399
355873824164529
355873870571765
355873889348208
355873898191255
355874120078082
355874258585652
355874294087135
355874466628386
355874472282293
355874479152414
355874795141333
355874844933599
355874888977202
355874966092247
355874969516116
355875030712993
355875056376860
355875195759869
355875363948072
355875786956312
355875806324328
355875817501248
355875960708124
355876068741253
355876113274505
355876181717318
355876206581256
355876259773266
355876510679584
355876526697459
355876680410857
355876752646373
355876851696942
355877091235086
355877095734493
355877118933971
355877402326858
355877430696464
355877497541120
355877541100894
355877605820331
355877649455382
355877732715443
355877748315656
355877760896060
355877831209028
355877846738665
355877947730036
355877973932882
355878019298114
355878059170707
355878079395787
355878118601159
355878159291791
355878243504769
355878273326874
355878317323469
355878430353258
355878510562098
355878540685888
355878686042736
355878880497466
355878910561074
355879022483863
355880439918079
355880443301432
355880481541043
355880627604403
355883789407502
355883840174422
355883849536911
355883861166769
355883868846801
355883898259113
355883909751916
355884015187786
355884144967643
355885979523858
355886113929034
355886263192241
355886457924732
355886741593882
355886747504773
355887013063804
355887568982657
355887694011678
355888951027828
355889299226329
355889536630110
355889698338900
355889859256807
355889884222984
355889899739285
355890150211878
355890848826920
355894396144305
355894693773348
355894873055719
355895107801019
355895117642449
355895150513978
355895241649405
355895343643216
355895634265261
355895668256126
355895764734722
355895887902159
355896273910102
355896403350540
355896690376869
355896722278710
355897013865266
355897625582620
355897807398383
355898161181377
355898161739086
355898175426491
355898333196743
355898355377897
355899145961048
355899369361670
355899379022037
355902007313057
355902413316325
355902701101543
355905814436626
355905835252562
355905932525733
355908346397740
355908350311250
355908438501355
355908465209799
355909352833826
355909472376981
355909482966269
355909709742624
355909713953062
355909804733250
355910074443368
355910086890637
355910294001418
355910318058354
355910731449896
355911253741701
355912775581659
355916071908428
355916081644846
355916083838810
355916087960160
355918603879726
355919182443596
355919543502126
355920000942043
355920008000588
355920158970118
355920161993159
355920289573746
355920415699399
355920448727019
355920738123102
355920914446549
355921013317402
355921745969825
355922843206829
355922866849578
355923700183745
355923726470204
355927355485171
355927371130351
355927417182994
355927767234120
355928274875073
355928286742443
355928293804342
355928819729581
355929215159090
355929557501230
355929582219259
355929842826719
355930524766599
355930532316333
355931052636107
355931058593054
355931066781829
355931092017381
355931183091256
355931192414010
355931214464044
355931225597165
355931508567422
355931510866343
355931521237536
355931874322677
355931921364173
355932206350170
355933146408173
355933154016735
355933582098266
355933592324785
355933712719513
355933762328459
355939344578902
355939363011805
355939410930288
355939431574128
355939466904483
355939517405841
355939760833967
355939776976142
355940483653144
355941818518717
355941826308470
355941830105745
355942119458868
355942122347935
355942123091407
355942440125871
355942452759475
355942572007653
355942665065992
355942864629626
355942865339170
355942929052748
355943094011053
355943095481807
355943106595255
355943108399616
355944483563499
355944551624570
355944709337285
355944811436560
355944844373503
355945100239335
355945116396926
355946372351528
355948962331998
355949138881136
355949166550431
355949440507295
355949556467893
355950569460103
355950620156262
355950713019678
355950867886406
355951448030429
355951658422784
355951702928637
355951748773327
355952589699019
355952725497739
355952741731775
355952757268838
355953201293815
355953353811560
355953572098116
355953623646373
355953626975929
355953635034664
355954705051974
355954763418813
355954803789626
355955044907600
355955047105314
355955161573226
355956078827016
355956086100359
355956932464902
355958820775149
355959032168024
355960453791070
355961463330965
355961469549918
355961476904141
355961538049737
355962077102374
355962238434783
355962249583378
355962267616429
355962274271365
355962501949556
355962786776616
355962858819846
355962937433116
355963415659169
355963429274023
355963443279819
355963458228994
355963531578815
355963799533781
355964079004305
355964231047825
355964979395152
355965238891395
355965243714289
355965308516944
355965684114540
355966081895347
355966207099045
355966261655370
355966498057727
355966538909482
355966563065118
355966797152090
355966810778877
355967002860959
355967340871385
355967407220715
355971119023277
355971527958298
355972082370475
355972130572340
355972147436830
355972261352847
355972343114876
355972397723643
355972526193361
355972531094177
355972541502605
355972562597198
355972607363632
355972696455252
355972699872413
355972794728613
355973386584229
355973444313575
355974844467760
355974822701809
355974816915226
355974811573139
355974799028929
355975028951221
355975566587343
355975788157843
355975811690693
355975861005299
355975868195553
355975895037641
355975915104106
355975925870458
355975950887286
355976020436205
355976101497392
355976122214903
355976176634803
355976185664387
355976920206259
355976958300930
355977264456167
355977416490584
355977589824540
355977711679572
355977795453222
355977817641472
355977833910534
355977957967529
355978010364085
355978100933031
355978129308369
355978303322196
355978319697295
355978694098778
355978985179825
355978987650648
355979063833031
355982243636590
355982804504838
355982824761065
355983238777013
355983295870536
355983671149741
355983686847677
355983991029925
355984246543235
355984798567089
355985219880746
355985244812872
355985250176955
355985252726344
355985261252410
355985881466932
355987283193593
355987524406590
355987614552576
355987631767588
355987641985398
355987674615941
355987700579420
355987736605506
355988343708829
355988346206292
355988952143755
355988958274926
355988962616686
355988966847169
355988968515055
355988973901844
355989560924043
355990078741532
355990266887768
355993152691865
355993221077399
355993224375807
355993290617287
355993303370675
355993518677020
355993641246490
355993670257853
355995000075340
355995898381219
355997136961572
355997294094839
355997297890316
355997305998130
355997316087134
355997423724136
355997464809734
355997710508769
355998240846658
355999139721211
355999308646710
355999336134603
355999364450090
355999381603501
355999504984438
355999794866550
355999803025000
356000014110264
356001399003156
356004664508121
356004681746089
356004726260909
356005349545230
356005468206664
356005517864955
356005705051389
356005725329815
356005766354698
356006192562212
356006197947121
356006534377467
356007102892850
356007258278327
356007374806939
356007412954188
356007809927083
356007950746402
356008666947942
356008711993557
356008907175496
356008946591086
356008965082809
356008992244643
356009044063695
356009935173716
356009952175978
356009998168640
356010086051069
356010478607775
356010575596862
356010991910948
356011096631670
356011273980593
356011471755284
356015684049424
356016013811224
356016545016690
356016564396132
356016796626173
356016844065586
356017160705544
356017572618010
356017647068655
356017779545608
356018288915395
356018308740035
356018610365548
356019161482792
356019176970389
356019187788279
356019196366779
356019208231698
356019379273562
356019466465348
356019532699926
356019567586815
356019688308901
356019704394957
356019714459700
356019732731021
356019747709536
356019764394455
356019905587179
356019968138397
356019969061698
356020385105198
356020393092712
356020401319423
356020561682532
356020593390797
356020647125600
356020818309825
356020932917590
356020981454473
356021110406236
356021148323973
356021235225088
356021935021721
356022318920385
356022322550933
356023344286909
356026112741307
356026113668301
356026132251168
356026137250610
356026181902944
356027142353730
356027175455409
356027246252036
356027509540916
356027540901819
356027643559972
356027735933472
356027787329830
356027842804054
356027851476157
356028150670049
356029178046056
356029530091128
356030375935455
356030529609498
356030549764470
356030600996335
356030674094640
356031047765947
356031055579954
356031086796699
356031248650042
356031307172400
356031502962950
356031593607163
356032627631341
356032899357329
356032993672671
356033006336850
356033017495257
356033018608595
356033020699885
356033302188931
356034338004254
356037388724203
356037514443094
356037550746103
356038169009180
356038420237501
356038444087638
356038578030378
356038823138574
356038874818410
356038936738513
356039025845864
356039178304991
356040060873852
356040118969057
356040324424812
356041967012021
356042162375740
356042197822451
356042215185944
356042221214224
356042234256017
356042255564763
356042262824238
356042268816323
356042277604412
356042278166169
356042313929216
356042385445900
356042411902891
356042436803676
356042493821996
356042682199801
356042785594130
356042972438628
356043570307559
356043648064016
356043684234671
356043693803435
356044012012717
356044064981286
356044170850759
356044182159654
356048234572150
356048265220100
356048953060863
356049180062272
356049213875945
356049390832829
356049556241363
356049677557860
356049689528501
356049792968949
356049903587332
356049995081707
356050146710016
356050331570180
356050932776415
356050955276292
356051661937821
356051801540789
356051826248369
356052066044988
356052212944900
356052414801004
356052507229784
356052522097297
356052563427033
356052748399555
356052840681476
356052858205647
356053125976326
356053165258441
356053215786447
356053222830656
356053274085936
356053472409039
356053877571547
356053987053572
356054060276240
356054142570887
356054261145112
356054265098695
356054273245147
356054410051039
356054550495526
356054772168264
356054777895827
356054856386217
356055170834790
356055247938668
356055487504871
356055666539612
356059079451361
356059278527806
356059829154247
356060220456923
356060521494741
356060909828817
356060990462738
356061192499268
356062240319338
356062255121710
356062714404763
356064098070983
356064145040492
356064282095353
356064313528122
356064341790651
356064352598737
356064670213865
356064736088576
356065489762388
356065499924919
356065514331293
356065632150370
356065713069471
356069873882511
356069976789891
356070071636867
356070234524732
356070240572815
356070244459491
356070506682388
356070611841221
356070830074609
356071279339636
356071522444525
356071836361441
356071983200848
356072537037715
356072932922767
356073103208903
356073347970253
356074814879304
356074992878241
356076045485866
356076060835166
356076211700514
356076249970248
356076366336133
356076417878834
356076674229743
356076685933918
356076701682748
356076863368818
356077132781064
356077637996548
356077655890577
356077808998283
356080674096172
356081129071587
356081993852270
356082166035395
356082612236356
356082951715408
356083102279022
356083140414258
356083165093021
356085062919663
356085134593592
356085194389975
356085341761991
356085432372018
356085503235471
356085515354785
356085699465220
356085704961656
356085709563625
356085893719785
356086394008515
356086581872426
356086600016359
356086602173363
356086607080830
356086609901781
356086633206401
356087105420638
356087303923183
356087336794833
356087495354613
356088133563202
356088148350601
356089145677449
356092702951984
356093695114195
356093746591183
356094175883840
356094219409428
356094255592911
356094360077090
356094756321098
356095152577693
356095211072241
356095308757076
356095518626304
356095842186703
356095906250715
356096307903838
356096316742289
356096409679819
356096593906482
356096640719634
356096803840487
356096955185744
356096960369281
356097017723351
356097343411720
356097934398984
356097958696206
356097962038671
356097974534946
356098060958941
356098068623226
356098083310007
356098476650362
356098487369893
356099713445956
356100249114773
356103560683161
356103815082310
356104870633830
356104883648072
356104930867671
356104950481319
356104978385585
356105030884114
356105044199734
356105236863383
356105244675390
356105309408316
356105315562435
356105341344022
